2021-11-29 16:27:23.754010
Mean: [ 0.37056682  0.08416456 21.54056   ]
Std: [  1.8128073    0.49054724 150.55571   ]
